Total Passing Vehicle Volume
14600
16500
18200
21600
18300
8600
10000
10500
12700
9000
10800
14200
13700
20900
19100
21700
17800
22400
12500
18800
15300
14800
28000
8100
7000
10900
14900
16600
12300
19900
15600
14500
11800
16700
15500
11100
8300
7400
8300
6100
7400
6000
4400
38500
21200
23700
24300
13400
19300
12400
7700
18900
18100
18200
20600
13000
13200
8100
8000
7900
7900
8100
35100
16400
17300
23100
10100
21500
16100
19300
12500
7500
4900
7300
4500
7100
4900
23400
11800
27800
13300
15100
29300
38700
38300
23500
27100
35000
26300
26300
27800
13600
22600
23000
14800
12800
15600
13400
15300
15000
13200
13500
16700
30900
37900
21200
16300
12500
13700
18000
29500
25500
35300
25600
39100
40500
27300
30800
35700
36600
20100
43500
72900
61500
47900
61600
52500
12500
41300
28500
12800
11300
11000
12800
5000
4200
20300
5300
2500
13800
12500
18000
10800
8000
12400
12600
9200
10300
17600
11700
16100
13100
8000
15400
8600
9300
8600
33300
17300
17600
19200
20700
17600
16300
11400
12100
15100
18400
18000
15600
9000
8300
7300
29500
31600
21300
28600
15800
24600
19400
14100
8800
25500
31600
32900
29100
29900
33900
30400
22000
32100
16800
18700
18600
21700
17800
19100
28800
33200
31800
38700
4200
5300
2000
3500
5500
5900
6600
5500
10700
5400
2600
6700
7700
11000
11300
11100
10700
11800
6700
8500
8100
3800
10000
8200
16100
14400
14000
10200
15200
17000
15900
10200
9600
6100
4800
6800
8900
18100
16000
15300
14700
17200
9600
8900
8500
9400
8800
9100
33800
22800
15700
13400
11700
16300
14700
8900
6500
18100
13400
5200
13700
11500
17300
16700
12300
19900
14700
15800
9700
7400
14900
15300
19900
16800
14200
5300
4200
3600
19500
15400
7200
9800
28200
31600
41300
33200
700
6900
7800
13600
39500
2900
10100
1300
12300
10500
12400
5600
37900
6600
13400
28200
16300
2300
5300
7900
10600
8800
15000
5900
11000
4800
6400
16700
4900
8900
11900
11100
18100
2400
15600
7300
13100
37800
43000
7800
6300
6700
1200
17200
1800
8200
5000
6200
6800
9100
11500
4200
8100
20100
22700
23900
7000
3200
7200
5500
3000
165200
111600
21600
6800
8300
22000
11900
6700
7800
30300
7000
8900
6300
3100
4400
18600
15100
21500
19900
31700
8800
34400
12300
12500
39900
16700
35200
9700
21700
37800
19500
22700
9800
10800
7100
12200
21700
21800
22700
16500
16200
4700
21300
11600
35200
12500
13700
20200
23700
14200
18300
4200
12300
9500
34500
37900
39500
11800
15600
10600
27600
22600
21400
34900
12700
24100
6500
23000
18400
7100
76700
16500
20900
25600
17400
7400
10100
11200
13000
11500
13700
14300
18000
11400
7700
20200
10900
32000
18000
24000
28700
23300
23600
30300
11600
2900
16100
11900
18500
16400
11100
23800
24600
14500
38300
44000
22200
22600
13300
4900
5500
6600
17600
3500
3400
19300
9400
5700
12700
6500
13200
6900
3900
19600
27600
17100
16900
15700
16600
26800
12800
18100
11900
10500
25000
14800
9700
20000
12900
20800
22100
25700
11500
20100
17500
11500
33600
10500
20600
40700
7700
6300
11600
12100
11600
16500
17900
18700
15500
13800
22200
21300
24800
7800
17700
5900
8200
10000
33200
23600
19000
21000
11500
20500
20500
37900
18700
22200
36500
14200
27600
38300
33700
11400
27100
22600
33700
24200
9100
20200
8000
12200
26200
8900
23600
32900
19600
19400
24400
9700
21300
46600
27300
23700
26000
59900
52300
24200
36000
27400
71200
24300
18600
14000
33300
29200
20800
25800
9600
25400
23400
3200
18800
17700
24700
19500
21700
20000
10500
25400
21100
24800
30700
22100
14600
19300
13200
13000
22300
17400
16500
40200
4700
19500
10700
8600
37400
20000
16100
9000
23900
7600
44000
15500
37700
39400
28900
16000
18800
23800
16700
40600
38500
14400
15000
14800
11900
32100
17000
9500
22100
18900
10100
16100
12600
32100
26800
31500
21100
20200
13000
33400
4700
7500
27300
27600
22700
9900
18200
14700
34600
25000
25900
34600
7600
19900
35600
15600
17500
31800
12500
10900
39000
30100
15500
24800
8800
12600
14500
34400
20300
20300
11100
7400
23100
8900
38100
15000
16500
10700
5700
2000
18300
12300
22800
30300
24400
24200
31000
23900
13000
36000
41700
5900
6000
23100
39000
16400
21200
9400
16100
8400
17700
22800
8200
14100
14500
10600
16800
8300
7300
14500
16000
13700
14000
14500
21400
58100
15700
16600
29500
24000
5100
26600
18400
13000
18400
23700
26500
14500
16800
14700
15500
14000
25300
22700
24400
4800
8600
26800
21800
16300
10300
23700
15000
18800
4500
21400
39400
14100
10700
14100
45700
30800
14500
5400
29800
62700
18700
18800
6900
8400
23000
13000
13100
7900
6300
4200
19900
15500
18200
20200
11000
14800
23200
16800
33000
42100
28900
32100
27500
27100
14100
21200
18200
11400
20100
5100
37000
37700
11700
29900
27000
16800
29400
12200
16400
12400
22900
20700
21700
22200
19500
20300
23100
24100
24200
12100
16700
27200
18800
25000
24900
20400
25900
33000
40600
49400
43900
19300
33300
16600
21600
19300
22500
15900
10400
23900
14300
17300
24600
37100
19200
23200
32100
26000
32700
26100
10200
14100
35300
28600
15900
15900
13500
20800
31600
25800
24200
24900
16200
20700
17100
42800
25200
21200
34100
29800
23600
18000
18200
17200
32700
27500
25300
23800
16600
12800
13500
16100
10400
10300
18500
17700
23000
23700
34400
37400
30400
37100
47300
46500
14300
13900
19600
12200
12500
23400
22600
18100
22000
33900
37300
38600
21300
22700
23900
19800
16400
21800
21000
13800
13100
33800
26700
19200
20900
18700
11700
13000
25000
17800
32100
17300
19200
12500
12100
16700
22400
24200
24400
18700
26200
41200
6800
20700
15800
26700
14400
14100
6500
12800
16800
28000
8900
11300
43100
41200
8800
8700
45300
39200
33100
40000
42500
8600
26100
31500
24800
10700
35200
7000
14600
9500
16300
17700
16300
9900
36600
32400
33900
9500
18400
17300
31400
17400
18200
25300
6500
10600
17500
5700
11400
18800
20600
13400
24700
14400
21700
20300
8400
14300
11700
19800
14400
16800
10800
17900
3800
11700
16400
5100
15300
30500
35000
35700
11100
18900
8500
10200
7600
12500
25700
20000
25500
18800
20700
20400
15500
17300
25800
6900
11500
37000
72400
40700
15600
21500
16300
18200
16100
18500
29300
19500
32700
23700
5000
36700
19700
16400
17400
18800
18400
19000
20400
20000
10700
15700
11200
4200
6000
10200
11900
11300
8600
14900
14100
7700
32300
16200
10500
15800
17400
21600
22500
18900
10800
5200
33100
46500
42200
13800
20900
32800
12300
19800
23900
23800
23500
19600
11300
18500
9300
18200
20500
22100
22400
18500
23100
20500
20400
21100
31400
10500
8800
9200
14700
29900
23800
6000
4500
14900
18800
38700
22100
9100
10300
18000
24000
21900
2000
32800
19200
26200
21500
20200
28900
26800
41500
26300
22300
14600
25400
23600
21200
23500
19100
15600
36900
21500
25700
41600
30600
30500
15900
25300
67200
56800
59100
16900
17800
19000
63700
34700
30200
13100
13200
17600
22800
10800
13400
56700
60400
33800
32200
9300
8600
10700
11300
20300
23700
13900
22700
19200
39400
35500
34300
20300
27600
17600
29000
6000
15400
6900
4500
23300
9000
14300
13100
41900
16600
12400
7600
14200
4400
9900
8600
16600
13000
11100
25000
29200
25900
19500
19400
19600
21600
14400
19200
37400
19900
21900
26600
28100
24500
9100
12800
12200
13300
28700
25100
11600
31800
23600
8900
14300
5300
21000
6300
4200
6600
15300
13700
36100
12400
19300
8000
20000
13000
11400
31800
19000
16900
8200
29800
19800
12600
32500
34100
34300
34000
37700
19600
70900
8000
24100
35100
16300
44000
18200
10400
19700
16600
18700
26900
12200
12600
15000
18500
17000
17100
16000
14300
14300
10200
4900
32000
9700
9900
2800
2100
2000
15100
3500
24200
9600
33500
7500
7900
13500
19900
4600
10600
5800
15200
34200
81100
47900
53500
103100
53400
24700
40900
44700
800
3900
6800
6400
53800
9900
14600
